,country_code,country,HDI,total_cases,total_deaths,stringency_index,population,GDP
0,AFG,Afghanistan,146.41200000000003,5126433.0,165875.0,896.6039955820002,17.4772331,530372.1780000001
1,ALB,Albania,176.625,1071951.0,31056.0,883.6533544449999,14.87253667,2655771.9750000006
2,DZA,Algeria,221.676,4893999.0,206429.0,939.379533935,17.59630906,4090668.666000001
3,AND,Andorra,193.90800000000002,223576.0,9850.0,787.2302670430001,11.25499635,0.0
4,AGO,Angola,123.17199999999997,304005.0,11820.0,871.8745559610002,17.3079574,1233732.9400000002
5,AIA,Anguilla,0.0,614.0,0.0,683.897117948,9.615938805,0.0
6,ATG,Antigua and Barbuda,166.92000000000002,12619.0,568.0,0.0,11.49198779,4599061.801999999
7,ARG,Argentina,207.89999999999998,47155234.0,1077426.0,1021.7787768160001,17.62651421,4771344.564
8,ARM,Armenia,221.97000000000003,5474629.0,102039.0,0.0,14.9017918,2583548.5199999996
9,ABW,Aruba,0.0,215110.0,1624.0,814.0588364970001,11.5783948,7770336.696000002
10,AUS,Australia,276.0659999999999,3012377.0,65029.0,1064.894524033,17.05418434,13126720.740000002
11,AUT,Austria,266.952,4909197.0,134945.0,881.742962263,16.01344599,13358385.684
12,AZE,Azerbaijan,222.55799999999994,4236782.0,59495.0,1046.93542751,16.13191719,4659141.185999999
13,BHS,Bahamas,174.31200000000007,237908.0,5998.0,0.0,12.88219574,5987054.952000001
14,BHR,Bahrain,248.724,6549995.0,22413.0,1079.7603000820002,14.34706955,12727467.270000003
15,BGD,Bangladesh,140.448,35266178.0,484534.0,936.8044026629998,18.91957173,814040.3039999998
16,BRB,Barbados,172.8,24998.0,1321.0,866.470228636,12.56852934,3667262.688
17,BLR,Belarus,237.55199999999996,10595186.0,88409.0,522.6698441699999,16.06145345,5047382.298
18,BEL,Belgium,267.47200000000004,15192468.0,1798461.0,1005.496206366,16.26562008,12456304.192
19,BLZ,Belize,148.68,106383.0,1613.0,851.415160457,12.89325457,1643116.0199999996
20,BEN,Benin,111.75499999999997,245893.0,4374.0,799.3425614739999,16.31063137,447939.2120000001
21,BMU,Bermuda,0.0,28876.0,1631.0,836.8083296269998,11.03928322,10843233.410000002
22,BTN,Bhutan,136.47599999999997,22847.0,0.0,937.0871581759998,13.55623711,1942017.1309999991
23,BOL,Bolivia,153.84599999999995,11858838.0,578559.0,958.252723324,16.27279152,1528654.038
24,BES,Bonaire Sint Eustatius and Saba,0.0,5080.0,48.0,0.0,10.1743159,0.0
25,BIH,Bosnia and Herzegovina,171.264,2200057.0,70578.0,892.1512140159999,15.00360243,2612198.585
26,BWA,Botswana,144.83399999999995,205758.0,895.0,832.774914155,14.67061714,3193089.5480000004
27,BRA,Brazil,223.14600000000004,425704517.0,14340567.0,921.992219494,19.17473208,4146414.8880000003
28,VGB,British Virgin Islands,0.0,4605.0,183.0,658.7538207419999,10.31682162,0.0
29,BRN,Brunei,190.21899999999994,30140.0,475.0,842.736002649,12.98879313,16013462.973000005
30,BGR,Bulgaria,182.11200000000002,1890380.0,72850.0,838.8550910190002,15.75402845,4158180.768
31,BFA,Burkina Faso,93.483,231452.0,10248.0,848.035324117,16.85541655,376385.5420000001
32,BDI,Burundi,84.23399999999998,49745.0,188.0,496.77536624599986,16.29127395,141849.45000000007
33,KHM,Cambodia,171.108,39539.0,0.0,845.418147216,16.63205462,1071650.58
34,CMR,Cameroon,123.988,2476502.0,56606.0,875.11272168,17.09438451,750378.4979999999
35,CAN,Canada,272.244,20902374.0,1455549.0,966.1984127370001,17.44628825,12941171.754000003
36,CPV,Cape Verde,139.302,463888.0,4749.0,878.7240455159998,13.22850199,1325404.0020000003
37,CYM,Cayman Islands,0.0,33173.0,213.0,452.441532433,11.09315857,10679248.205999998
38,CAF,Central African Republic,80.006,593048.0,7108.0,871.666050059,15.39030816,144150.32
39,TCD,Chad,86.45600000000002,154173.0,12212.0,877.2866314330001,16.61436742,378384.74199999985
40,CHL,Chile,193.04700000000003,51268034.0,1283880.0,878.8229286110002,16.76604717,5213651.473000001
41,CHN,China,221.08799999999997,21632319.0,1066939.0,1144.4108459929998,21.08743924,4500761.328
42,COL,Colombia,171.063,60543682.0,1936134.0,987.229375355,17.74503716,3035383.320999999
43,COM,Comoros,86.013,52437.0,920.0,0.0,13.67578287,241775.18999999994
44,COG,Congo,132.10799999999998,473368.0,9298.0,890.7529976850001,15.52354271,1064146.5080000001
45,CRI,Costa Rica,179.44400000000005,4631835.0,50352.0,897.579249221,15.44359631,3508648.8699999996
46,CIV,Cote d'Ivoire,108.23999999999998,2132883.0,14220.0,838.263059319,17.08805131,792221.3200000001
47,HRV,Croatia,244.31399999999994,1314031.0,28757.0,924.3541957350001,15.22778158,6664920.317999998
48,CUB,Cuba,170.16299999999998,581546.0,16774.0,926.8671770179999,16.24266591,0.0
49,CUW,Curacao,0.0,19777.0,207.0,0.0,12.00823128,0.0
50,CYP,Cyprus,192.91799999999998,236673.0,3735.0,914.5231673649998,13.68300607,7196159.3040000005
51,CZE,Czech Republic,261.072,5213980.0,79880.0,942.835054976,16.18659339,9586136.364
52,COD,Democratic Republic of Congo,100.99699999999999,1271391.0,32040.0,903.9265519,18.31043503,178597.39299999998
53,DNK,Denmark,273.12600000000003,3030088.0,113280.0,902.3571162389999,15.57202326,13724659.410000004
54,DJI,Djibouti,102.33999999999999,781771.0,8006.0,855.5456683549999,13.80344,581662.29
55,DMA,Dominica,150.865,3977.0,0.0,788.4981947979998,11.18429639,2041080.437
56,DOM,Dominican Republic,216.38399999999996,10649646.0,209024.0,978.9867370789999,16.19948244,4292653.134000001
57,ECU,Ecuador,221.08799999999997,14408757.0,1083749.0,1021.8503406500002,16.68585306,3111089.184
58,EGY,Egypt,204.62399999999994,12422845.0,644416.0,905.2892852030002,18.44375647,3101760.5640000002
59,SLV,El Salvador,144.91000000000008,2573206.0,71957.0,949.1224983019999,15.68518756,1567878.4699999997
60,GNQ,Equatorial Guinea,129.429,557355.0,8947.0,0.0,14.15411267,4950467.187000001
61,ERI,Eritrea,93.28000000000002,40026.0,0.0,955.5494657789999,15.08145118,320217.308
62,EST,Estonia,256.07400000000007,445402.0,11802.0,746.1797273189999,14.09808385,8667488.088
63,ETH,Ethiopia,102.32300000000001,4876417.0,77686.0,913.444383046,18.56012597,382313.86699999997
64,FRO,Faeroe Islands,0.0,56893.0,0.0,0.0,10.79681667,0.0
65,FLK,Falkland Islands,0.0,2467.0,0.0,624.1495206339999,8.15564927,0.0
66,FJI,Fiji,195.62399999999997,4742.0,132.0,1007.6174102999998,13.7061911,2297585.4000000004
67,FIN,Finland,270.48,1458484.0,58377.0,911.882580855,15.52763465,11932201.974
68,FRA,France,264.894,50084335.0,5633444.0,995.423340718,17.99409688,11350067.274
69,PYF,French Polynesia,0.0,95388.0,260.0,0.0,12.54576825,0.0
70,GAB,Gabon,154.44,1031803.0,6877.0,917.9044891919998,14.61559461,3643730.86
71,GMB,Gambia,99.36000000000001,229521.0,7201.0,912.9897517010003,14.69789863,337341.672
72,GEO,Georgia,229.32000000000005,431689.0,4013.0,1069.8482213799998,15.199095,2865053.226
73,DEU,Germany,275.1840000000001,42447678.0,1640691.0,965.6477463729999,18.24375196,13297398.030000001
74,GHA,Ghana,130.23999999999995,4900649.0,29143.0,836.4666143249999,17.25184806,930078.5999999999
75,GIB,Gibraltar,0.0,45340.0,0.0,669.922799364,10.42498602,0.0
76,GRC,Greece,255.78,1421470.0,44805.0,921.597545225,16.15953083,7224868.308000002
77,GRL,Greenland,0.0,2678.0,0.0,760.9999973590001,10.94679853,0.0
78,GRD,Grenada,162.89200000000005,4470.0,0.0,0.0,11.63087738,2868308.047000001
79,GUM,Guam,0.0,160975.0,2715.0,828.5022119040001,12.03636915,0.0
80,GTM,Guatemala,159.90000000000006,7644426.0,281588.0,1022.986174336,16.70118056,1826256.7680000002
81,GGY,Guernsey,0.0,49814.0,2450.0,0.0,11.11322372,0.0
82,GIN,Guinea,100.52099999999999,1195836.0,7283.0,882.054617399,16.39062287,437764.794
83,GNB,Guinea-Bissau,94.18499999999999,306564.0,4199.0,0.0,14.49252734,320575.72499999986
84,GUY,Guyana,143.226,166917.0,5783.0,922.9978885130001,13.57542301,1628275.2930000005
85,HTI,Haiti,106.57200000000002,1023155.0,23891.0,815.9808116859999,16.24934608,353779.02200000006
86,HND,Honduras,135.74000000000004,6545499.0,200844.0,973.346797376,16.10851066,999194.8999999997
87,HKG,Hong Kong,47.583,0.0,0.0,189.33022073299998,15.8300119,2858800.9199999995
88,HUN,Hungary,192.7399999999999,1708798.0,110142.0,886.0084500889999,16.08354044,6158839.029999999
89,ISL,Iceland,274.8900000000001,421210.0,1968.0,933.232655674,12.74037063,13665989.651999999
90,IND,India,188.16,407771615.0,7247327.0,1061.5023217550001,21.04535251,1889442.156
91,IDN,Indonesia,204.036,21570149.0,916111.0,1070.2039131059996,19.42689854,3289490.7360000005
92,IRN,Iran,234.61200000000002,52421884.0,2914070.0,942.8768493040001,18.24624346,5610290.28
93,IRQ,Iraq,201.39000000000004,25280332.0,744253.0,1069.6483766370002,17.50993717,4605211.884000001
94,IRL,Ireland,275.77199999999993,5239798.0,310201.0,992.262963138,15.41242964,19796576.142
95,IMN,Isle of Man,0.0,64935.0,4310.0,0.0,11.35078294,0.0
96,ISR,Israel,265.4820000000001,16202474.0,126278.0,1052.318031957,15.97371025,9740902.079999998
97,ITA,Italy,258.71999999999997,50752853.0,6664225.0,1067.172397908,17.91752278,10354704.696
98,JAM,Jamaica,161.772,370890.0,5653.0,952.470276584,14.90109198,1810779.1909999994
99,JPN,Japan,267.246,7659484.0,194918.0,934.4536385319999,18.65556675,11466653.562
100,JEY,Jersey,0.0,66777.0,5527.0,0.0,11.52359831,0.0
101,JOR,Jordan,166.84499999999997,716514.0,5653.0,934.628951747,16.13820607,1892610.2300000004
102,KAZ,Kazakhstan,176.8,13194863.0,161480.0,964.0794795059999,16.74812767,5316284.947999999
103,KEN,Kenya,134.52,3277734.0,59485.0,979.881284633,17.80025043,682410.3839999997
104,OWID_KOS,Kosovo,0.0,1345940.0,47571.0,933.8562095959999,14.47446683,2155083.4800000004
105,KWT,Kuwait,236.082,10622205.0,69104.0,1080.6415933340002,15.26725623,19265977.878
106,KGZ,Kyrgyzstan,144.47999999999996,4287847.0,114922.0,935.9121704730001,15.69102752,729596.9100000001
107,LAO,Laos,125.609,4039.0,0.0,739.9133238349999,15.80003079,1337048.2399999998
108,LVA,Latvia,198.19799999999992,255964.0,5376.0,889.4861694449999,14.45007584,5864939.964000001
109,LBN,Lebanon,222.55799999999994,2220699.0,22983.0,1000.171531107,15.73616766,3930064.11
110,LSO,Lesotho,82.16000000000001,107948.0,2680.0,653.6575073640001,14.57736817,450482.1739999998
111,LBR,Liberia,94.39499999999998,159880.0,10087.0,925.6088988160001,15.43641784,163354.99600000004
112,LBY,Libya,162.37999999999997,1817274.0,29730.0,1003.0839796639998,15.74286198,4112747.0699999984
113,LIE,Liechtenstein,205.18400000000005,19885.0,198.0,0.0,10.54894022,0.0
114,LTU,Lithuania,252.25199999999995,488057.0,14345.0,820.3448961899999,14.81698436,8680133.910000004
115,LUX,Luxembourg,265.776,1146724.0,21907.0,854.2676851610001,13.34706731,27717721.709999993
116,MKD,Macedonia,222.55799999999994,1724220.0,74066.0,0.0,14.54950213,3854696.916000001
117,MDG,Madagascar,110.547,1443321.0,17744.0,869.4819112219999,17.13661869,301701.72000000003
118,MWI,Malawi,97.785,536447.0,15480.0,808.005226988,16.76676599,224483.60999999993
119,MYS,Malaysia,235.78799999999995,1774181.0,24012.0,1064.764354044,17.29261899,7881600.216
120,MDV,Maldives,160.60799999999998,844040.0,3054.0,0.0,13.20032762,3401129.9840000006
121,MLI,Mali,88.81599999999997,390637.0,18813.0,814.7042939769998,16.82370654,418975.64800000004
122,MLT,Malta,225.64600000000002,251261.0,2409.0,0.0,12.99802163,9383924.010999998
123,MRT,Mauritania,113.87999999999997,799222.0,19810.0,782.1897734160002,15.35230466,787881.6270000001
124,MUS,Mauritius,169.06000000000003,69524.0,1988.0,737.0794231,14.05591783,4342647.430000001
125,MEX,Mexico,227.556,74347548.0,7295850.0,887.671084929,18.67480153,5096921.886000001
126,MDA,Moldova,156.79999999999998,4632482.0,129946.0,880.7226564469998,15.21025983,1162553.7280000001
127,MCO,Monaco,0.0,21511.0,192.0,0.0,10.57755385,0.0
128,MNG,Mongolia,163.01999999999995,42465.0,0.0,902.5857509049999,15.00283311,2604986.12
129,MNE,Montenegro,175.82399999999998,675912.0,11356.0,0.0,13.35039417,3544406.208
130,MSR,Montserrat,0.0,2383.0,177.0,728.2604973600002,8.516993171,0.0
131,MAR,Morocco,170.75199999999998,7839270.0,142270.0,966.860559817,17.42400819,1916163.3280000007
132,MOZ,Mozambique,92.207,510578.0,3396.0,847.3069281469997,17.25770384,239717.73299999995
133,MMR,Myanmar,122.53600000000003,644209.0,13973.0,924.1430993829999,17.81205473,1185418.5639999998
134,NAM,Namibia,141.69300000000004,681299.0,6634.0,880.832974575,14.7480352,2089655.9520000005
135,NPL,Nepal,168.75599999999997,5243653.0,27737.0,1081.099844806,17.18751281,718184.376
136,NLD,Netherlands,273.71400000000006,13026629.0,1142410.0,859.339223965,16.6566263,14250928.229999997
137,NCL,New Caledonia,0.0,4495.0,0.0,0.0,12.56196578,0.0
138,NZL,New Zealand,269.598,253203.0,4145.0,950.559948454,15.38874766,10609237.842
139,NIC,Nicaragua,141.47000000000003,524410.0,16410.0,522.9643574769999,15.70629361,1144110.4600000004
140,NER,Niger,75.402,199978.0,11676.0,662.0174062979999,17.00213737,197238.0
141,NGA,Nigeria,156.408,6107371.0,125473.0,1030.2232745509998,19.1440641,1569505.4759999998
142,MNP,Northern Mariana Islands,0.0,7784.0,396.0,0.0,10.96053104,0.0
143,NOR,Norway,280.182,1985889.0,47158.0,939.6351794249999,15.5058355,19051216.758000005
144,OMN,Oman,241.37399999999997,10060093.0,73391.0,1096.66100279,15.44604869,11160448.446
145,PAK,Pakistan,165.22800000000004,37738077.0,789557.0,995.4258096239998,19.21318595,1480204.1519999998
146,PSE,Palestine,155.72200000000004,3249458.0,21522.0,957.3727073799998,15.44502871,1010126.8460000001
147,PAN,Panama,177.52499999999998,10371724.0,222435.0,984.2979577990001,15.27755412,5010083.325000001
148,PNG,Papua New Guinea,115.87200000000003,35966.0,417.0,786.6021789059998,16.00683186,814340.3220000003
149,PRY,Paraguay,159.35399999999998,2265640.0,42850.0,932.3560399050001,15.78017657,2003731.2699999996
150,PER,Peru,176.25,74882695.0,3020038.0,1008.457172806,17.3111646,2875625.910000001
151,PHL,Philippines,205.50599999999997,22409936.0,448665.0,1081.362100521,18.51217534,2234161.272
152,POL,Poland,197.22,9239657.0,304001.0,839.0951630409999,17.44905184,6205349.46
153,PRT,Portugal,197.3509999999999,9266263.0,302612.0,960.225125472,16.13757538,6509296.768000001
154,PRI,Puerto Rico,0.0,3586463.0,54940.0,893.831626001,14.86662585,7219202.019999998
155,QAT,Qatar,251.664,16351440.0,23820.0,1047.104649023,14.87366884,34379066.39999999
156,ROU,Romania,238.43400000000003,10672859.0,464952.0,983.1426202529999,16.77238152,6854080.505999999
157,RUS,Russia,239.904,132888951.0,2131571.0,993.745928296,18.79866817,7281190.476
158,RWA,Rwanda,114.756,388775.0,1744.0,909.0617358679999,16.37677691,406072.2089999999
159,KNA,Saint Kitts and Nevis,161.82400000000004,3246.0,0.0,0.0,10.88166329,5128112.080000001
160,LCA,Saint Lucia,163.59300000000002,4450.0,0.0,0.0,12.1206727,2836452.7410000004
161,VCT,Saint Vincent and the Grenadines,156.168,7824.0,0.0,0.0,11.61680789,2317063.536000001
162,SMR,San Marino,0.0,134994.0,8596.0,905.5352509740001,10.43229061,16717272.179999994
163,STP,Sao Tome and Principe,114.26600000000002,121909.0,2198.0,0.0,12.2975619,592226.516
164,SAU,Saudi Arabia,197.89599999999996,38585191.0,442507.0,959.428011001,17.36552634,11378535.351999998
165,SEN,Senegal,118.675,1586747.0,30320.0,783.8021781999998,16.63354636,580586.3000000003
166,SRB,Serbia,186.51900000000006,3984174.0,87503.0,903.709167719,15.73310882,3329584.7969999993
167,SYC,Seychelles,174.543,14701.0,0.0,749.3091231399999,11.49618614,5777720.853000002
168,SLE,Sierra Leone,84.63799999999998,268396.0,10036.0,754.159022399,15.89207108,280840.59999999986
169,SGP,Singapore,274.00800000000004,8191161.0,4691.0,1096.8366515159998,15.58201085,25147402.602000006
170,SXM,Sint Maarten (Dutch part),0.0,48026.0,3146.0,0.0,10.66620744,8209954.432000003
171,SVK,Slovakia,194.94000000000008,798665.0,6055.0,851.579256021,15.51289396,6875374.655999999
172,SVN,Slovenia,204.28800000000007,547075.0,22165.0,882.376033369,14.54736486,7159391.520000001
173,SLB,Solomon Islands,2.184,11.0,0.0,0.0,13.43991197,8823.692
174,SOM,Somalia,0.0,491145.0,15001.0,752.212426628,16.5814031,0.0
175,ZAF,South Africa,178.944,63027659.0,1357682.0,989.113899324,17.8982664,3147488.2559999996
176,KOR,South Korea,265.4820000000001,3333075.0,63333.0,1006.2258529139999,17.75260041,10565881.956
177,SSD,South Sudan,76.43599999999998,333500.0,6063.0,799.1574908370001,16.23086427,309267.936
178,ESP,Spain,261.063,73717676.0,5510624.0,997.813148304,17.66042712,10041801.479999997
179,LKA,Sri Lanka,226.38,446643.0,2108.0,944.4850081269999,16.87952045,3430708.6380000007
180,SDN,Sudan,110.43999999999997,1663545.0,102825.0,939.891250896,17.59626861,982631.5399999996
181,SUR,Suriname,154.07999999999998,358632.0,6961.0,931.147125656,13.28215639,2946163.4660000005
182,SWZ,Swaziland,128.772,444238.0,8179.0,900.0213642180001,13.96407193,1694835.5250000004
183,SWE,Sweden,271.50300000000004,11910109.0,941063.0,808.9825749959999,16.1279737,13662241.353
184,CHE,Switzerland,277.53599999999994,7552067.0,320693.0,919.638992143,15.97360361,16878588.803999998
185,SYR,Syria,113.09599999999998,267902.0,12098.0,831.861783264,16.67774898,0.0
186,TWN,Taiwan,0.0,97074.0,1423.0,871.206431726,16.98590072,0.0
187,TJK,Tajikistan,111.80000000000001,1117391.0,9730.0,658.581891695,16.07075684,498269.03599999996
188,TZA,Tanzania,116.74600000000004,91526.0,3733.0,706.3307626339999,17.9054155,582276.9680000001
189,THA,Thailand,221.97000000000003,655703.0,11162.0,899.7855604370001,18.06114425,4785635.274
190,TLS,Timor,132.5,4697.0,0.0,757.567993415,14.09196129,1392861.6239999998
191,TGO,Togo,115.69000000000001,169903.0,4197.0,863.5989623750002,15.92920098,328856.99000000005
192,TTO,Trinidad and Tobago,173.26400000000004,225550.0,4519.0,887.1242764229999,14.15161916,6356638.691
193,TUN,Tunisia,166.10999999999999,1000626.0,19025.0,841.727746329,16.28518664,2451941.1220000004
194,TUR,Turkey,174.02000000000004,41431948.0,1049757.0,894.177010187,18.25035574,5528455.020000001
195,TCA,Turks and Caicos Islands,0.0,44432.0,476.0,675.3489433269999,10.56405989,0.0
196,UGA,Uganda,109.392,448728.0,3748.0,934.093357232,17.63850561,359913.8839999999
197,UKR,Ukraine,168.975,15805665.0,343334.0,910.846719851,17.59363088,1776238.4249999993
198,ARE,United Arab Emirates,253.72199999999992,10247326.0,58035.0,943.588501838,16.10707515,19784284.001999997
199,GBR,United Kingdom,271.068,59475032.0,7249573.0,986.041643149,18.03334044,11687453.736
200,USA,United States,271.65600000000006,746014098.0,26477574.0,985.1789087110001,19.61763693,15942281.124000002
201,VIR,United States Virgin Islands,0.0,98536.0,1833.0,0.0,11.55620524,0.0
202,URY,Uruguay,176.07600000000002,239884.0,6083.0,816.6545872919999,15.06073864,4500758.570999999
203,UZB,Uzbekistan,154.78,4421215.0,31903.0,920.505461425,17.32613614,1363176.6720000003
204,VAT,Vatican,0.0,2415.0,0.0,0.0,6.695798917,0.0
205,VEN,Venezuela,166.65899999999996,4839834.0,40840.0,951.3109922250001,17.1631645,3667159.818
206,VNM,Vietnam,204.036,122618.0,2318.0,1090.995318348,18.39370601,1814533.8959999997
207,YEM,Yemen,87.236,228925.0,64304.0,696.652963628,17.21088998,285475.37100000004
208,ZMB,Zambia,126.41999999999999,1129913.0,26475.0,777.660630271,16.72698889,793188.9650000003
209,ZWE,Zimbabwe,113.955,593699.0,15984.0,929.3727937629999,16.51438055,404652.07500000007
